equest: солнце дом2
response: [874505, 448484, 493816, 719662, 935356, 432972, 719656, 935353, 1151017, 493814]
[0, 0, 0, 0, 0, 0, 0, 0, 0, 0]
request: поздравления с днем рождения
response: [1217813, 1298824, 870119, 1412691, 930794, 943160, 33927, 911877, 275284, 1489806]
[1, 0, 1, 1, 0, 0, 1, 1, 1, 1]
request: новосибирский медицинский универ
response: [551833, 382416, 1034607, 705440, 692683, 794802, 1523336, 282209, 938472, 906137]
[1, 0, 1, 1, 0, 0, 0, 0, 0, 0]
request: контактор КМ3-20
response: [570290, 252351, 1045468, 1203507, 1199389, 74294, 641080, 264968, 88712, 713496]