request: солнце дом2
response: [1425013, 1452491, 1475743, 1476280, 1494895, 1451195, 1451951, 1422668, 1494894, 1333807]
[0, 0, 0, 0, 0, 0, 0, 0, 0, 0]
request: поздравления с днем рождения
response: [870119, 1298824, 32213, 409451, 1217813, 1134971, 1412691, 819119, 37290, 930794]
[1, 0, 1, 1, 1, 1, 1, 1, 1, 0]
request: новосибирский медицинский универ
response: [551833, 1361736, 382416, 794802, 282209, 870399, 304764, 988089, 606883, 80737]
[1, 0, 0, 0, 0, 0, 1, 0, 0, 0 ]
request: контактор КМ3-20
response: [1203507, 252351, 570290, 641080, 264968, 1378867, 32901, 74294, 1199389, 665069]
